1099.987178
1099.885881
1099.374362
1098.462646
1096.419119
1092.034675
1053.146203
1004.114685
941.6582601
931.59527
901.9203081
770.0130764
745.6012556
676.5023407
600.9227686
392.0285918
350.0641354
68.02004872
68.02004872
6.921652688e-07
6.921652688e-07
6.921652688e-07
6.921652688e-07
6.921652688e-07
6.921652688e-07
6.921652688e-07
6.921652688e-07
6.921652688e-07
6.921652688e-07
6.921652688e-07
6.921652688e-07
6.921652688e-07
6.921652688e-07
6.921652688e-07
6.921652688e-07
6.921652688e-07
6.921652688e-07
6.921652688e-07
6.921652688e-07
4.524027524e-07
4.524027524e-07
4.524027524e-07
4.524027524e-07
4.524027524e-07
4.524027524e-07
4.524027524e-07
4.524027524e-07
4.524027524e-07
4.524027524e-07
4.524027524e-07
4.524027524e-07
4.524027524e-07
4.524027524e-07
4.524027524e-07
4.524027524e-07
4.524027524e-07
4.524027524e-07
4.524027524e-07
4.524027524e-07
4.524027524e-07
4.524027524e-07
4.524027524e-07
4.524027524e-07
4.524027524e-07
4.524027524e-07
4.524027524e-07
4.524027524e-07
4.524027524e-07
4.524027524e-07
4.524027524e-07
4.524027524e-07
4.524027524e-07
4.524027524e-07
4.524027524e-07
4.524027524e-07
4.524027524e-07
4.524027524e-07
4.524027524e-07
4.524027524e-07
4.427456718e-07
4.427456718e-07
4.427456718e-07
4.427456718e-07
4.427456718e-07
4.427456718e-07
4.427456718e-07
4.427456718e-07
4.427456718e-07
4.427456718e-07
4.427456718e-07
4.427456718e-07
4.427456718e-07
4.427456718e-07
4.427456718e-07
4.427456718e-07
4.427456718e-07
4.427456718e-07
4.427456718e-07
4.427456718e-07
3.69161603e-07
3.69161603e-07
3.69161603e-07
3.69161603e-07
3.69161603e-07
3.69161603e-07
3.69161603e-07
3.69161603e-07
3.69161603e-07
3.69161603e-07
3.69161603e-07
3.69161603e-07
3.69161603e-07
3.69161603e-07
3.69161603e-07
3.69161603e-07
3.69161603e-07
3.69161603e-07
3.69161603e-07
3.69161603e-07
3.69161603e-07
3.69161603e-07
3.69161603e-07
3.69161603e-07
3.69161603e-07
3.69161603e-07
3.69161603e-07
3.69161603e-07
3.69161603e-07
3.69161603e-07
3.69161603e-07
3.691616024e-07
3.691616024e-07
3.691616024e-07
3.691616024e-07
3.691616024e-07
3.691616024e-07
3.691616024e-07
3.691616024e-07
3.691616024e-07
3.691616024e-07
3.691616024e-07
3.691616024e-07
3.691616024e-07
3.691616024e-07
3.691616024e-07
3.691616024e-07
3.691616024e-07
3.691616024e-07
3.691616024e-07
3.691616024e-07
3.691616024e-07
3.691616024e-07
3.691616024e-07
3.691616024e-07
3.691616024e-07
3.691616024e-07
3.691616024e-07
3.691616024e-07
3.691616024e-07
2.965617573e-07
2.965617573e-07
2.965617573e-07
2.965617573e-07
2.965617573e-07
2.965617573e-07
2.965617573e-07
2.965617573e-07
2.965617573e-07
2.965617573e-07
2.965617573e-07
2.965617573e-07
2.965617573e-07
2.965617573e-07
2.965617573e-07
2.965617573e-07
2.965617573e-07
2.965617573e-07
2.965617573e-07
2.965617573e-07
2.600995826e-07
2.600995826e-07
2.600995826e-07
2.600995826e-07
2.600995826e-07
2.600995826e-07
2.600995826e-07
2.600995826e-07
2.600995826e-07
2.600995826e-07
2.600995826e-07
2.600995826e-07
2.600995826e-07
2.600995826e-07
2.600995826e-07
2.600995826e-07
2.600995826e-07
2.600995826e-07
2.600995826e-07
2.600995826e-07
2.600995826e-07
2.600995826e-07
2.600995826e-07
2.600995826e-07
2.600995826e-07
2.600995826e-07
2.600995826e-07
2.600995826e-07
2.600995826e-07
2.600995826e-07
2.600995826e-07
2.600995826e-07
2.600995826e-07
2.600995826e-07
2.600995826e-07
2.600995826e-07
2.600995826e-07
2.600995826e-07
2.600995826e-07
2.600995826e-07
2.600995826e-07
2.600995826e-07
2.600995826e-07
2.600995826e-07
2.600995826e-07
2.600995826e-07
2.600995826e-07
2.600995826e-07
2.600995826e-07
2.600995826e-07
2.600995826e-07
2.600995826e-07
2.600995826e-07
2.600995826e-07
2.600995826e-07
2.600995826e-07
2.600995826e-07
2.600995826e-07
2.600995826e-07
2.600995826e-07
2.597120654e-07
2.597120654e-07
2.597120654e-07
2.597120654e-07
2.597120654e-07
2.597120654e-07
2.597120654e-07
2.597120654e-07
2.597120654e-07
2.597120654e-07
2.597120654e-07
2.597120654e-07
2.597120654e-07
2.597120654e-07
2.597120654e-07
2.597120654e-07
2.597120654e-07
2.597120654e-07
2.597120654e-07
2.597120654e-07
2.581607291e-07
2.581607291e-07
2.581607291e-07
2.581607291e-07
2.581607291e-07
2.581607291e-07
2.581607291e-07
2.581607291e-07
2.581607291e-07
2.581607291e-07
2.581607291e-07
2.581607291e-07
2.581607291e-07
2.581607291e-07
2.581607291e-07
2.581607291e-07
2.581607291e-07
2.581607291e-07
2.581607291e-07
2.581607291e-07
2.581607284e-07
2.581607284e-07
2.581607284e-07
2.581607284e-07
2.581607284e-07
2.581607284e-07
2.581607284e-07
2.581607284e-07
2.581607284e-07
2.581607284e-07
2.581607284e-07
2.581607284e-07
2.581607284e-07
2.581607284e-07
2.581607284e-07
2.581607284e-07
2.581607284e-07
2.581607284e-07
2.581607284e-07
2.581607284e-07
2.467917051e-07
2.467917051e-07
2.467917051e-07
2.467917051e-07
2.467917051e-07
2.467917051e-07
2.467917051e-07
2.467917051e-07
2.467917051e-07
2.467917051e-07
2.467917051e-07
2.467917051e-07
2.467917051e-07
2.467917051e-07
2.467917051e-07
2.467917051e-07
2.467917051e-07
2.467917051e-07
2.467917051e-07
2.467917051e-07
2.166961713e-07
2.166961713e-07
2.166961713e-07
2.166961713e-07
2.166961713e-07
2.166961713e-07
2.166961713e-07
2.166961713e-07
2.166961713e-07
2.166961713e-07
2.166961713e-07
2.166961713e-07
2.166961713e-07
2.166961713e-07
2.166961713e-07
2.166961439e-07
2.166961439e-07
2.166961439e-07
2.166961439e-07
2.166961439e-07
1.263145294e-07
1.263145294e-07
1.263145294e-07
1.263145294e-07
1.263145294e-07
1.263145294e-07
1.263145294e-07
1.263145294e-07
1.263145294e-07
1.263145294e-07
1.263145294e-07
1.263145294e-07
1.263145294e-07
1.263145294e-07
1.263145294e-07
1.263145294e-07
1.263145294e-07
1.263145294e-07
1.263145294e-07
1.263145294e-07
1.263145294e-07
1.263145294e-07
1.263145294e-07
1.263145294e-07
1.263145294e-07
1.263145294e-07
1.263145294e-07
1.263145294e-07
1.263145294e-07
1.263145294e-07
1.263145294e-07
1.263145294e-07
1.263145294e-07
1.263145294e-07
1.263145294e-07
1.263145294e-07
1.263145294e-07
1.263145294e-07
1.263145294e-07
1.263145294e-07
9.268631497e-08
